73.7899
38.1707
43.3672
43.4527
43.7219
38.7299
31.8013
32.6931
78.2114
46.1950
52.6815
54.6699
49.4433
53.3002
37.5616
32.6914
80.4560
47.3810
45.2869
46.7682
42.3724
44.6926
37.9680
34.4836
74.6295
52.4622
53.1355
54.6663
54.7494
55.1245
36.8194
34.5399
82.6449
55.4299
63.1149
63.7925
59.6000
62.9774
42.3117
35.5652
69.7574
45.8007
42.5702
45.8582
42.1904
44.4796
35.3666
37.7926
79.1746
53.4815
55.8072
55.3186
57.9756
56.7997
40.7265
35.8434
81.5552
51.2745
53.3189
54.6281
53.0023
53.1595
37.9620
33.1192
77.4176
49.3840
52.4523
49.6198
47.6017
48.9451
38.9617
35.9738
76.4324
48.7967
50.4482
52.3632
51.1150
52.4465
42.3867
37.3085
70.3802
39.9599
39.8833
39.0646
41.3057
40.0017
33.0569
36.6194
81.5753
52.6333
52.8914
56.8684
54.0067
48.0029
37.7980
35.8839
75.8587
47.2190
47.8561
49.2013
47.1926
49.0544
36.3115
35.0291
74.3662
49.4661
57.5511
54.0050
52.7867
53.4496
41.2871
35.8737
74.7188
43.7697
46.0834
49.8843
46.7894
47.8774
35.3470
34.5358
82.1723
59.6368
60.7245
61.6003
60.3550
59.9149
43.3372
39.3804
83.0165
57.4349
58.4400
62.3050
54.3626
56.1736
40.7879
30.4433
77.4193
50.1792
52.9490
51.9553
51.7577
52.8500
40.0316
30.8984
73.1064
45.9191
51.1889
48.7303
44.0912
49.9260
34.6781
29.2857
75.8486
53.3985
58.1928
60.9548
54.1660
54.0606
37.0188
30.9710
78.5196
53.7201
52.4769
53.9201
55.3650
48.6171
41.6103
35.1547
72.9618
52.2528
51.9834
55.0163
51.4680
51.6779
36.8713
32.6250
64.2604
37.5923
38.2012
38.8790
40.6788
33.1198
33.3522
34.6404
61.8375
41.3636
48.1545
41.6334
39.7785
46.7468
36.9426
33.4023
78.2763
46.0408
58.6925
53.5821
50.8744
47.8081
36.7655
34.1893
81.0962
45.1466
54.9832
51.7232
44.2414
46.2484
37.5561
35.4567
72.7333
45.3477
47.1411
47.8464
45.3076
46.3625
41.3462
37.4424
81.3098
43.7869
45.6452
53.5179
46.4359
42.3392
36.1275
35.0362
79.3527
45.6457
53.2085
57.0152
50.6897
53.4104
42.4729
39.1891
80.4981
55.0890
55.8009
59.1977
55.2471
54.0150
38.8807
32.6766
78.6198
48.0376
52.0583
54.7113
46.7977
50.7007
40.9317
34.3172
76.6897
47.7972
45.6959
51.7554
49.5852
48.1924
37.2851
29.5037
79.4522
49.2666
50.3716
46.8617
47.5323
49.4619
39.0925
31.3295
83.8137
49.6059
56.2174
52.6908
47.2008
50.6967
37.2127
34.7543
76.0237
44.2687
45.6779
48.9445
44.3300
43.7410
35.3206
34.5149
77.2997
51.4167
56.1818
55.3230
51.9752
49.0745
36.0996
28.7725
76.6694
50.2446
52.0512
51.2883
50.3070
50.3998
39.1480
33.2072
77.1511
49.2735
47.2987
50.7226
47.9724
48.2375
39.0564
34.1992
73.7070
51.0402
57.7169
54.1897
51.6318
55.5626
36.0201
33.1449
70.2545
49.6100
51.6363
52.7188
48.3539
52.3322
32.6912
29.4187
78.8298
58.5235
56.6975
64.7862
57.3374
56.4896
46.8097
39.4866
79.2149
61.2971
61.4160
65.6830
60.2252
63.6143
47.0873
35.4871
73.9243
50.9558
51.4751
52.1035
49.2692
48.7733
42.9992
36.2428
76.8848
49.0321
49.3346
52.8084
48.3789
47.5836
34.8490
30.9524
78.2474
50.0533
51.2521
52.9216
46.5776
48.1210
35.5324
30.4130
73.6120
43.5782
47.2543
47.4920
46.0213
45.1358
32.0525
29.6873
74.4656
43.6666
42.9678
44.5448
40.1105
46.5685
32.8674
29.7318
75.3361
42.0560
46.1866
47.8622
45.2384
44.0904
31.3436
29.2043
75.0991
49.0745
50.2706
52.9549
51.2192
52.4729
37.2700
32.1792
75.7838
45.0938
51.3447
49.4946
42.2407
43.2538
33.5165
31.8244
80.6131
49.2608
53.9616
54.1625
46.0177
53.6059
35.5223
29.8682
78.6265
50.0234
53.1167
55.0317
51.0067
54.4507
32.0163
31.9520
82.9022
61.6370
62.5832
61.8975
61.2324
59.3862
41.5307
31.6349
83.4425
64.5968
65.4315
62.0922
63.1623
62.4517
48.3097
30.5552
74.3593
50.5548
50.6031
53.6002
47.6026
54.4924
35.8273
31.1972
75.7168
43.1095
48.4949
54.8746
43.1198
43.4394
31.5905
28.7438
77.4201
37.3668
46.3061
46.4600
37.2297
41.7189
28.9716
29.6615
78.0213
49.2527
55.0254
50.3017
49.7697
49.6604
38.2113
32.4603
70.6012
43.8157
45.8928
47.4045
45.0043
43.6106
32.5375
31.8290
79.4158
45.7252
51.5582
53.6561
50.4721
54.9453
34.0403
29.1526
79.5057
48.6402
53.4915
48.4756
49.0967
49.1004
34.7065
35.0014
78.0919
54.0177
54.2560
55.8667
52.5350
56.9406
38.0479
33.0799
73.4893
43.4588
49.9805
51.1277
48.9117
47.3708
30.6927
28.5178
79.9001
55.3725
56.2182
56.1842
54.6570
56.5011
38.1041
29.2451
76.6841
53.8517
59.3133
59.0123
52.0619
55.8077
39.1060
31.0280
77.3618
49.6733
51.2490
55.8771
48.1149
52.4184
36.4847
34.1455
74.8949
44.8423
47.5828
46.4048
43.7173
46.0262
33.4054
32.0752
81.3411
47.7238
55.4771
49.4748
51.5093
51.5049
35.1195
33.1436
74.7728
49.0932
51.5397
56.3266
47.5548
49.4738
34.1025
29.4355
75.9301
40.0582
45.1367
45.2743
41.4182
42.8720
31.0018
30.4894
79.2954
52.6083
57.6357
60.6114
56.0700
54.4471
40.8399
32.5456
78.3477
50.7680
53.8666
49.5021
45.1882
51.6302
34.3197
30.8266
82.5927
52.5603
57.3362
56.4940
50.1920
56.1000
41.2277
33.5969
73.5213
40.1782
47.5918
42.5176
38.1983
39.2246
38.5200
32.9049
71.2425
50.6945
52.1420
51.5727
48.4602
49.2797
35.6655
33.6714
83.0041
55.9633
61.6975
61.7604
58.3554
59.3182
40.9475
34.6427
80.4931
55.1548
53.4900
56.5054
55.6791
55.6960
37.8436
32.9554
74.7020
48.3642
54.0055
55.1486
53.7294
52.5010
36.7405
30.3322
73.2253
48.2877
53.6098
55.1521
48.0811
48.4609
34.6282
30.0514
76.3128
42.5467
45.6773
47.7026
41.3147
44.7620
32.0975
27.9449
77.2483
46.4757
52.7153
51.6990
47.7503
50.0096
37.2928
31.7964
79.4248
48.9909
53.4897
52.6491
51.8251
50.6707
39.9150
33.4526
74.8988
46.9634
47.2182
48.8927
48.6262
45.3178
34.7383
30.6247
81.1471
49.8954
51.2373
54.5184
50.0544
49.9448
36.8077
29.3399
75.5517
42.5971
49.3439
49.6931
44.3473
47.4151
32.1117
29.2779
75.2550
40.2851
49.4784
46.1666
38.2037
41.0350
39.4393
34.8648
75.8107
49.3502
49.0848
51.6534
49.3213
50.2275
40.8134
34.5469
75.7138
53.2029
54.0788
58.1185
55.5213
57.9585
44.1030
34.6636
76.6809
39.8624
44.9760
43.5773
38.9174
44.3507
34.1819
31.3041
81.2647
43.8418
49.6249
52.0377
45.9811
46.0830
34.7307
32.8805
73.2653
51.7032
53.1149
53.6938
50.4643
53.3374
34.8884
33.5212
80.5241
56.5147
56.0080
58.1555
56.0562
55.6705
42.6073
36.6033
75.5131
57.6587
59.4812
59.4754
58.0662
56.8403
45.8376
37.6647
80.0587
55.8488
52.9667
55.9325
55.4597
54.5668
38.2186
34.8919
77.4131
50.2803
53.2129
54.9192
49.4263
48.9010
38.4078
33.2040
75.8087
43.4220
42.4573
44.8888
42.8763
42.1525
35.4279
33.0638
76.4856
46.7516
50.9905
54.5130
49.0368
51.5655
34.8677
30.8559
80.2702
54.4153
63.8002
58.4411
55.7443
56.0520
42.8099
33.8263
78.6524
48.0357
48.6467
49.6223
45.3221
49.0802
36.1915
31.6199
81.9366
46.4469
50.5038
49.1253
44.7493
48.1783
34.1925
36.0360
76.2286
53.2989
57.2793
59.3285
54.8162
53.1284
39.6889
31.7122
80.8226
55.0696
54.7305
59.7952
55.7635
56.5944
36.8287
33.2081
80.5072
46.2887
51.7285
52.3706
44.0448
46.4136
41.7743
33.0491
78.3514
48.9636
53.6410
54.1044
51.1236
53.3801
42.0082
34.5574
74.3666
41.8826
49.0832
48.4210
43.6307
45.8539
35.6602
31.3182
67.9550
34.2971
35.5745
35.4917
35.0567
34.7541
31.9087
28.6829
84.5489
55.9221
63.1682
65.8529
60.5474
59.2957
39.7779
32.9509
74.9013
46.5613
47.6328
48.1632
43.6645
44.3504
36.1659
33.1944
69.6231
36.0194
39.8677
37.2801
35.2947
36.2788
27.6687
29.0563
71.8501
41.7883
46.6300
45.2451
43.7515
46.9558
35.6589
29.2200
75.9892
45.7238
51.9099
51.1085
49.1223
51.7420
37.1961
31.3039
82.6691
63.4495
65.3851
63.6450
60.4153
61.6403
47.5390
37.7557
69.5623
56.9252
60.0934
63.1025
57.5396
57.5633
49.3462
38.8416
72.9806
45.5439
49.4786
49.0170
44.1791
47.1742
29.6918
29.9998
78.7417
50.9483
51.7161
50.4171
54.4412
52.2308
38.3208
29.4102
75.5940
61.5227
61.0716
60.9319
61.6181
60.2356
46.5026
28.5526
78.1432
55.0337
54.5409
54.7499
52.3546
48.3472
37.8973
34.1779
71.0784
45.3342
47.6477
49.9391
45.8051
46.3408
33.8501
29.6691
81.6115
49.7903
52.1527
53.4368
48.5136
51.7794
34.5875
35.4387
74.9544
46.0780
47.8769
48.7484
45.8691
46.2569
36.0018
29.9174
